10 00000000000000000000000000000000000100000000111100000000000010100000000000000011
11 00000000000000000000000000000000000100000000111100000000000010100000000000000011
10 00000000000000000000000000000000000100000000111100000000000010100000000000000011
11 00000000000000000000000000000000000100000000111100000000000010100000000000000011
10 00000000000000000000000000000000000100000000111100000000000010100000000000000011
11 00000000000000000000000000000000000100000000111100000000000010100000000000000011
01 00000000000000000000000000000000000100000000111100000000000010100000000000000011
00 00000000000000000000000000000000000100000000111100000000000010100000000000000011
01 00000000000000000000000000000000000100000000111100000000000010100000000000000011
00 00000000000000000000000000000000000100000000111100000000000010100000000000000011
01 00000000000000010000000000000000000100000000111100000000000010100000000000000011
00 00000000000000010000000000000000000100000000111100000000000010100000000000000011
01 00000000000000010000000000000000000100000000111100000000000010100000000000000011
00 00000000000000010000000000000000000100000000111100000000000010100000000000000011
01 00000000000000010000000000000000000100000000111100000000000010100000000000000011
00 00000000000000010000000000000000000100000000111100000000000010100000000000000011
01 00000000000000010000000000000000000100000000111100000000000010100000000000000011
00 00000000000000010000000000000000000100000000111100000000000010100000000000000011
01 00000000000000010000000000000000000100000000111100000000000010100000000000000011
00 00000000000000010000000000000000000100000000111100000000000010100000000000000011
01 00000000000000011100000000000011000100000000111100000000000010100000000000000011
00 00000000000000011100000000000011000100000000111100000000000010100000000000000011
01 00000000000000011100000000000011000100000000111100000000000010100000000000000011
00 00000000000000011100000000000011000100000000111100000000000010100000000000000011
01 00000000000000011100000000000011000100000000111100000000000010100000000000000011
00 00000000000000011100000000000011000100000000111100000000000010100000000000000011
01 00000000000000101100000000000011000100000000111100000000000010100000000000000011
00 00000000000000101100000000000011000100000000111100000000000010100000000000000011
01 00000000000000101100000000000011000100000000111100000000000010100000000000000011
00 00000000000000101100000000000011000100000000111100000000000010100000000000000011
01 00000000000000101100000000000011000100000000111100000000000010100000000000000011
00 00000000000000101100000000000011000100000000111100000000000010100000000000000011
01 00000000000000101100000000000011000100000000111100000000000010101100000000001101
00 00000000000000101100000000000011000100000000111100000000000010101100000000001101
01 00000000000000101100000000000011000100000000111100000000000010101100000000001101
00 00000000000000101100000000000011000100000000111100000000000010101100000000001101
01 00000000000000101100000000000011000100000000111100000000000010101100000000001101
00 00000000000000101100000000000011000100000000111100000000000010101100000000001101
01 00000000000000111100000000000011000100000000111100000000000010101100000000001101
00 00000000000000111100000000000011000100000000111100000000000010101100000000001101
01 00000000000000111100000000000011000100000000111100000000000010101100000000001101
00 00000000000000111100000000000011000100000000111100000000000010101100000000001101
01 00000000000000111100000000000011000100000000111100000000000010101100000000001101
00 00000000000000111100000000000011000100000000111100000000000010101100000000001101
01 00000000000000111100000000000011000100000000111100000000000010101100000000001101
00 00000000000000111100000000000011000100000000111100000000000010101100000000001101
01 00000000000000111100000000000011000100000000111100000000000010101100000000001101
00 00000000000000111100000000000011000100000000111100000000000010101100000000001101
01 00000000000000111100000000000011000100000000111100000000000010101100000000001101
00 00000000000000111100000000000011000100000000111100000000000010101100000000001101
01 00000000000001001100000000000011000100000000111100000000000010101100000000001101
00 00000000000001001100000000000011000100000000111100000000000010101100000000001101
01 00000000000001001100000000000011000100000000111100000000000010101100000000001101
00 00000000000001001100000000000011000100000000111100000000000010101100110010000000
01 00000000000001001100000000000011000100000000111100000000000010101100110010000000
00 00000000000001001100000000000011000100000000111100000000000010101100110010000000
01 00000000000001001100000000000011000100000000111100000000000010101100110010000000
00 00000000000001001100000000000011000100000000111100000000000010101100110010000000
01 00000000000001011100000000000011000100000000111100000000000010101100110010000000
00 00000000000001011100000000000011000100000000111100000000000010101100110010000000
01 00000000000001011100000000000011000100000000111100000000000010101100110010000000
00 00000000000001011100000000000011000100000000111100000000000010101100110010000000
01 00000000000001011100000000000011000100000000111100000000000010101100110010000000
00 00000000000001011100000000000011000100000000111100000000000010101100110010000000
01 00000000000001011100000000000011000100000000111100000000000010101100110010000000
00 00000000000001011100000000000011000100000000111100000000000010101100110010000000
01 00000000000001011100000000000011000100000000111100000000000010101100110010000000
00 00000000000001011100000000000011000100000000111100000000000010101100110010000000
01 00000000000001011100000000000011000100000000111100000000000010101100110010000000
00 00000000000001011100000000000011000100000000111100000000000010101100110010000000
01 00000000000001101100000000000011000100000000111100000000000010101100110010000000
00 00000000000001101100000000000011000100000000111100000000000010101100110010000000
01 00000000000001101100000000000011000100000000111100000000000010101100110010000000
00 00000000000001101100000000000011000100000000111100000000000010100000000000000110
01 00000000000001101100000000000011000100000000111100000000000010100000000000000110
00 00000000000001101100000000000011000100000000111100000000000010100000000000000110
01 11111111111110101100000000000011000100000000111100000000000010100000000000000110
00 11111111111110101100000000000011000100000000111100000000000010100000000000000110
01 11111111111110101100000000000011000100000000111100000000000010100000000000000110
00 11111111111110101100000000000011000100000000111100000000000010100000000000000110
01 11111111111110101100000000000011000100000000111100000000000010100000000000000110
00 11111111111110101100000000000011000100000000111100000000000010100000000000000110
01 11111111111110111100000000000011000100000000111100000000000010100000000000000110
00 11111111111110111100000000000011000100000000111100000000000010100000000000000110
01 11111111111110111100000000000011000100000000111100000000000010100000000000000110
00 11111111111110111100000000000011000100000000111100000000000010100000000000000110
01 11111111111110111100000000000011000100000000111100000000000010100000000000000110
00 11111111111110111100000000000011000100000000111100000000000010100000000000000110
01 11111111111110111100000000000011000100000000111100000000000010100000000000000110
00 11111111111110111100000000000011000100000000111100000000000010100000000000000110
01 11111111111110111100000000000011000100000000111100000000000010100000000000000110
00 11111111111110111100000000000011000100000000111100000000000010100000000000000110
01 11111111111110111100000000000011000100000000111100000000000010100000000000000110
00 11111111111110111100000000000011000100000000111100000000000010100000000000000110
01 11111111111111001100000000000011000100000000111100000000000010100000000000000110
00 11111111111111001100000000000011000100000000111100000000000010100000000000000110
01 11111111111111001100000000000011000100000000111100000000000010100000000000000110
00 11111111111111001100000000000011000100000000111100000000000010100000000000000110
01 11111111111111001100000000000011000100000000111100000000000010100000000000000110
00 11111111111111001100000000000011000100000000111100000000000010100000000000000110
01 11111111111111001100000000000011000100000000111100000000000010100000000000000110
00 11111111111111001100000000000011000100000000111100000000000010100000000000000110
01 11111111111111001100000000000011000100000000111100000000000010100000000000000110
00 11111111111111001100000000000011000100000000111100000000000010100000000000000110
01 11111111111111001100000000000011000100000000111100000000000010100000000000000110
00 11111111111111001100000000000011000100000000111100000000000010100000000000000110
01 11111111111111011100000000000011000100000000111100000000000010100000000000000110
00 11111111111111011100000000000011000100000000111100000000000010100000000000000110
01 11111111111111011100000000000011000100000000111100000000000010100000000000000110
00 11111111111111011100000000000011000100000000111100000000000010100000000000000110
01 11111111111111011100000000000011000100000000111100000000000010100000000000000110
00 11111111111111011100000000000011000100000000111100000000000010100000000000000110
01 11111111111111011100000000000011000100000000111100000000000010100000000000000110
00 11111111111111011100000000000011000100000000111100000000000010100000000000000110
01 11111111111111011100000000000011000100000000111100000000000010100000000000000110
00 11111111111111011100000000000011000100000000111100000000000010100000000000000110
01 11111111111111011100000000000011000100000000111100000000000010100000000000000110
00 11111111111111011100000000000011000100000000111100000000000010100000000000000110
01 11111111111111101100000000000011000100000000111100000000000010100000000000000110
00 11111111111111101100000000000011000100000000111100000000000010100000000000000110
01 11111111111111101100000000000011000100000000111100000000000010100000000000000110
00 11111111111111101100000000000011000100000000111100000000000010100000000000000110
01 11111111111111101100000000000011000100000000111100000000000010100000000000000110
00 11111111111111101100000000000011000100000000111100000000000010100000000000000110
01 11111111111111101100000000000011000100000000111100000000000010100000000000000110
00 11111111111111101100000000000011000100000000111100000000000010100000000000000110
01 11111111111111101100000000000011000100000000111100000000000010100000000000000110
00 11111111111111101100000000000011000100000000111100000000000010100000000000000110
01 11111111111111101100000000000011000100000000111100000000000010100000000000000110
00 11111111111111101100000000000011000100000000111100000000000010100000000000000110
01 11111111111111111100000000000011000100000000111100000000000010100000000000000110
00 11111111111111111100000000000011000100000000111100000000000010100000000000000110
01 11111111111111111100000000000011000100000000111100000000000010100000000000000110
00 11111111111111111100000000000011000100000000111100000000000010100000000000000110
01 11111111111111111100000000000011000100000000111100000000000010100000000000000110
00 11111111111111111100000000000011000100000000111100000000000010100000000000000110
01 11111111111111111100000000000011000100000000111100000000000010100000000000000110
00 11111111111111111100000000000011000100000000111100000000000010100000000000000110
01 11111111111111111100000000000011000100000000111100000000000010100000000000000110
00 11111111111111111100000000000011000100000000111100000000000010100000000000000110
01 11111111111111111100000000000011000100000000111100000000000010100000000000000110
00 11111111111111111100000000000011000100000000111100000000000010100000000000000110
01 00000000000000001100000000000011000100000000111100000000000010100000000000000110
00 00000000000000001100000000000011000100000000111100000000000010100000000000000110
01 00000000000000001100000000000011000100000000111100000000000010100000000000000110
00 00000000000000001100000000000011000100000000111100000000000010100000000000000110
