10 00000000000000000000000000000000000100000000111100000000000010100000000000000011
11 00000000000000000000000000000000000100000000111100000000000010100000000000000011
10 00000000000000000000000000000000000100000000111100000000000010100000000000000011
11 00000000000000000000000000000000000100000000111100000000000010100000000000000011
10 00000000000000000000000000000000000100000000111100000000000010100000000000000011
11 00000000000000000000000000000000000100000000111100000000000010100000000000000011
01 00000000000000000000000000000000000100000000111100000000000010100000000000000011
00 00000000000000000000000000000000000100000000111100000000000010100000000000000011
01 00000000000000000000000000000000000100000000111100000000000010100000000000000011
00 00000000000000000000000000000000000100000000111100000000000010100000000000000011
01 00000000000000000000000000000000000100000000111100000000000010100000000000000011
00 00000000000000000000000000000000000100000000111100000000000010100000000000000011
01 00000000000000000000000000000000000100000000111100000000000010100000000000000011
00 00000000000000000000000000000000000100000000111100000000000010100000000000000011
01 00000000000000000000000000000000000100000000111100000000000010100000000000000011
00 00000000000000000000000000000000000100000000111100000000000010100000000000000011
01 00000000000000000000000000000000000100000000111100000000000010100000000000000011
00 00000000000000000000000000000000000100000000111100000000000010100000000000000011
01 00000000000000000000000000000000000100000000111100000000000010100000000000000011
00 00000000000000000000000000000000000100000000111100000000000010100000000000000011
01 00000000000000000000000000000000000100000000111100000000000010100000000000000011
00 00000000000000000000000000000000000100000000111100000000000010100000000000000011
01 00000000000000000000000000000000000100000000111100000000000010100000000000000011
00 00000000000000000000000000000000000100000000111100000000000010100000000000000011
01 00000000000000000000000000000000000100000000111100000000000010100000000000000011
00 00000000000000000000000000000000000100000000111100000000000010100000000000000011
01 00000000000000000000000000000000000100000000111100000000000010100000000000000011
00 00000000000000000000000000000000000100000000111100000000000010100000000000000000
01 00000000000000000000000000000000000100000000111100000000000010100000000000000000
00 00000000000000000000000000000000000100000000111100000000000010100000000000000000
01 00000000000000000000000000000000000100000000111100000000000010100000000000000000
00 00000000000000000000000000000000000100000000111100000000000010100000000000000000
01 00000000000000000000000000000000000100000000111100000000000010100000000000000000
00 00000000000000000000000000000000000100000000111100000000000010100000000000000000
01 00000000000000000000000000000000000100000000111100000000000010100000000000000000
00 00000000000000000000000000000000000100000000111100000000000010100000000000000000
01 00000000000000000000000000000000000100000000111100000000000010100000000000000000
00 00000000000000000000000000000000000100000000111100000000000010100000000000000000
01 00000000000000000000000000000000000100000000111100000000000010100000000000000000
00 00000000000000000000000000000000000100000000111100000000000010100000000000000000
01 00000000000000000000000000000000000100000000111100000000000010100000000000000000
00 00000000000000000000000000000000000100000000111100000000000010100000000000000000
01 00000000000000000000000000000000000100000000111100000000000010100000000000000000
00 00000000000000000000000000000000000100000000111100000000000010100000000000000000
01 00000000000000000000000000000000000100000000111100000000000010100000000000000000
00 00000000000000000000000000000000000100000000111100000000000010100000000000000000
01 00000000000000000000000000000000000100000000111100000000000010100000000000000000
00 00000000000000000000000000000000000100000000111100000000000010100000000000000000
01 00000000000000000000000000000000000100000000111100000000000010100000000000000000
00 00000000000000000000000000000000000100000000111100000000000010100000000000000000
01 00000000000000000000000000000000000100000000111100000000000010100000000000000000
00 00000000000000000000000000000000000100000000111100000000000010100000000000000000
01 00000000000000000000000000000000000100000000111100000000000010100000000000000000
00 00000000000000000000000000000000000100000000111100000000000010100000000000000000
01 00000000000000000000000000000000000100000000111100000000000010100000000000000000
00 00000000000000000000000000000000000100000000111100000000000010100000000000000000
01 00000000000000000000000000000000000100000000111100000000000010100000000000000000
00 00000000000000000000000000000000000100000000111100000000000010100000000000000000
01 00000000000000000000000000000000000100000000111100000000000010100000000000000000
00 00000000000000000000000000000000000100000000111100000000000010100000000000000000
01 00000000000000000000000000000000000100000000111100000000000010100000000000000000
00 00000000000000000000000000000000000100000000111100000000000010100000000000000000
01 00000000000000000000000000000000000100000000111100000000000010100000000000000000
00 00000000000000000000000000000000000100000000111100000000000010100000000000000000
01 00000000000000000000000000000000000100000000111100000000000010100000000000000000
00 00000000000000000000000000000000000100000000111100000000000010100000000000000000
01 00000000000000000000000000000000000100000000111100000000000010100000000000000000
00 00000000000000000000000000000000000100000000111100000000000010100000000000000000
01 00000000000000000000000000000000000100000000111100000000000010100000000000000000
00 00000000000000000000000000000000000100000000111100000000000010100000000000000000
01 00000000000000000000000000000000000100000000111100000000000010100000000000000000
00 00000000000000000000000000000000000100000000111100000000000010100000000000000000
01 00000000000000000000000000000000000100000000111100000000000010100000000000000000
00 00000000000000000000000000000000000100000000111100000000000010100000000000000000
01 00000000000000000000000000000000000100000000111100000000000010100000000000000000
00 00000000000000000000000000000000000100000000111100000000000010100000000000000000
01 00000000000000000000000000000000000100000000111100000000000010100000000000000000
00 00000000000000000000000000000000000100000000111100000000000010100000000000000000
01 00000000000000000000000000000000000100000000111100000000000010100000000000000000
00 00000000000000000000000000000000000100000000111100000000000010100000000000000000
01 00000000000000000000000000000000000100000000111100000000000010100000000000000000
00 00000000000000000000000000000000000100000000111100000000000010100000000000000000
01 00000000000000000000000000000000000100000000111100000000000010100000000000000000
00 00000000000000000000000000000000000100000000111100000000000010100000000000000000
01 00000000000000000000000000000000000100000000111100000000000010100000000000000000
00 00000000000000000000000000000000000100000000111100000000000010100000000000000000
01 00000000000000000000000000000000000100000000111100000000000010100000000000000000
00 00000000000000000000000000000000000100000000111100000000000010100000000000000000
01 00000000000000000000000000000000000100000000111100000000000010100000000000000000
00 00000000000000000000000000000000000100000000111100000000000010100000000000000000
01 00000000000000000000000000000000000100000000111100000000000010100000000000000000
00 00000000000000000000000000000000000100000000111100000000000010100000000000000000
01 00000000000000000000000000000000000100000000111100000000000010100000000000000000
00 00000000000000000000000000000000000100000000111100000000000010100000000000000000
01 00000000000000000000000000000000000100000000111100000000000010100000000000000000
00 00000000000000000000000000000000000100000000111100000000000010100000000000000000
01 00000000000000000000000000000000000100000000111100000000000010100000000000000000
00 00000000000000000000000000000000000100000000111100000000000010100000000000000000
01 00000000000000000000000000000000000100000000111100000000000010100000000000000000
00 00000000000000000000000000000000000100000000111100000000000010100000000000000000
01 00000000000000000000000000000000000100000000111100000000000010100000000000000000
00 00000000000000000000000000000000000100000000111100000000000010100000000000000000
01 00000000000000000000000000000000000100000000111100000000000010100000000000000000
00 00000000000000000000000000000000000100000000111100000000000010100000000000000000
01 00000000000000000000000000000000000100000000111100000000000010100000000000000000
00 00000000000000000000000000000000000100000000111100000000000010100000000000000000
01 00000000000000000000000000000000000100000000111100000000000010100000000000000000
00 00000000000000000000000000000000000100000000111100000000000010100000000000000000
01 00000000000000000000000000000000000100000000111100000000000010100000000000000000
00 00000000000000000000000000000000000100000000111100000000000010100000000000000000
01 00000000000000000000000000000000000100000000111100000000000010100000000000000000
00 00000000000000000000000000000000000100000000111100000000000010100000000000000000
01 00000000000000000000000000000000000100000000111100000000000010100000000000000000
00 00000000000000000000000000000000000100000000111100000000000010100000000000000000
01 00000000000000000000000000000000000100000000111100000000000010100000000000000000
00 00000000000000000000000000000000000100000000111100000000000010100000000000000000
01 00000000000000000000000000000000000100000000111100000000000010100000000000000000
00 00000000000000000000000000000000000100000000111100000000000010100000000000000000
01 00000000000000000000000000000000000100000000111100000000000010100000000000000000
00 00000000000000000000000000000000000100000000111100000000000010100000000000000000
01 00000000000000000000000000000000000100000000111100000000000010100000000000000000
00 00000000000000000000000000000000000100000000111100000000000010100000000000000000
01 00000000000000000000000000000000000100000000111100000000000010100000000000000000
00 00000000000000000000000000000000000100000000111100000000000010100000000000000000
01 00000000000000000000000000000000000100000000111100000000000010100000000000000000
00 00000000000000000000000000000000000100000000111100000000000010100000000000000000
01 00000000000000000000000000000000000100000000111100000000000010100000000000000000
00 00000000000000000000000000000000000100000000111100000000000010100000000000000000
01 00000000000000000000000000000000000100000000111100000000000010100000000000000000
00 00000000000000000000000000000000000100000000111100000000000010100000000000000000
01 00000000000000000000000000000000000100000000111100000000000010100000000000000000
00 00000000000000000000000000000000000100000000111100000000000010100000000000000000
01 00000000000000000000000000000000000100000000111100000000000010100000000000000000
00 00000000000000000000000000000000000100000000111100000000000010100000000000000000
01 00000000000000000000000000000000000100000000111100000000000010100000000000000000
00 00000000000000000000000000000000000100000000111100000000000010100000000000000000
01 00000000000000000000000000000000000100000000111100000000000010100000000000000000
00 00000000000000000000000000000000000100000000111100000000000010100000000000000000
01 00000000000000000000000000000000000100000000111100000000000010100000000000000000
00 00000000000000000000000000000000000100000000111100000000000010100000000000000000
01 00000000000000000000000000000000000100000000111100000000000010100000000000000000
00 00000000000000000000000000000000000100000000111100000000000010100000000000000000
01 00000000000000000000000000000000000100000000111100000000000010100000000000000000
00 00000000000000000000000000000000000100000000111100000000000010100000000000000000
01 00000000000000000000000000000000000100000000111100000000000010100000000000000000
00 00000000000000000000000000000000000100000000111100000000000010100000000000000000
